0 0 -2 -2 -7
0 1 23 30 -7
0 2 23 30 -7
0 2 22 31 -7
0 3 22 31 -7
0 3 21 32 -7
0 4 21 32 -7
0 4 20 33 -7
0 5 20 33 -7
0 5 19 34 -7
0 6 19 34 -7
0 6 18 36 -9
0 7 18 36 -9
0 7 17 37 -7
0 8 17 37 -7
0 8 16 38 -7
0 9 16 38 -7
0 9 15 39 -7
0 10 15 39 -7
0 10 14 40 -7
0 11 14 40 -7
0 11 13 41 -7
0 12 -2 -2 -7
0 13 55 62 -7
0 14 55 62 -7
0 14 54 63 -7
0 15 54 63 -7
0 15 53 64 -7
0 16 53 64 -7
0 16 52 65 -7
0 17 52 65 -7
0 17 51 66 -7
0 18 51 66 -7
0 18 50 67 -7
0 19 50 67 -7
0 19 49 68 -7
0 20 49 68 -7
0 20 48 69 -7
0 21 48 69 -7
0 21 47 70 -7
0 22 47 70 -7
0 22 46 71 -7
0 23 46 71 -7
0 23 45 72 -7
0 24 45 72 -7
0 24 44 73 -7
0 25 44 73 -7
0 25 43 74 -7
0 26 -2 -2 -7
0 27 89 97 -9
0 28 89 97 -9
0 28 88 98 -7
0 29 88 98 -7
0 29 87 99 -7
0 30 87 99 -7
0 30 86 100 -7
0 31 86 100 -7
0 31 85 101 -7
0 32 85 101 -7
0 32 84 102 -7
0 33 84 102 -7
0 33 83 103 -7
0 34 83 103 -7
0 34 82 104 -7
0 35 82 104 -7
0 35 81 105 -7
0 36 81 105 -7
0 36 80 106 -7
0 37 80 106 -7
0 37 79 107 -7
0 38 79 107 -7
0 38 78 108 -7
0 39 78 108 -7
0 39 77 109 -7
