0 0 24
0 1 22
0 1 29
0 2 21
0 2 30
0 3 20
0 3 31
0 4 19
0 4 32
0 5 18
0 5 33
0 6 17
0 6 34
0 7 16
0 7 36
0 8 15
0 8 37
0 9 14
0 9 38
0 10 13
0 10 39
0 11 12
0 11 40
0 12 56
0 13 54
0 13 61
0 14 53
0 14 62
0 15 52
0 15 63
0 16 51
0 16 64
0 17 50
0 17 65
0 18 49
0 18 66
0 19 48
0 19 67
0 20 47
0 20 68
0 21 46
0 21 69
0 22 45
0 22 70
0 23 44
0 23 71
0 24 43
0 24 72
0 25 42
0 25 73
0 26 90
0 27 88
0 27 95
0 28 87
0 28 97
0 29 86
0 29 98
0 30 85
0 30 99
0 31 84
0 31 100
0 32 83
0 32 101
0 33 82
0 33 102
0 34 81
0 34 103
0 35 80
0 35 104
0 36 79
0 36 105
0 37 78
0 37 106
0 38 77
0 38 107
0 39 76
0 39 108
