7 19
1 23
23 24
1 24
23 24
7 34
1 34
23 34
24 34
34 30
23 30
24 30
1 30
34 30
7 30
34 29
30 29
1 29
23 29
7 29
24 29
30 10
24 10
29 10
34 10
1 10
23 10
34 5
24 5
30 5
23 5
10 5
29 5
6 5
30 8
6 8
29 8
7 8
10 8
34 8
19 11
6 11
30 26
8 26
10 26
29 26
5 26
34 26
5 27
29 27
8 27
10 27
26 27
34 27
30 27
6 13
30 13
27 13
24 13
8 13
23 13
34 13
29 13
1 13
7 13
26 13
10 13
5 13
30 32
23 32
10 32
27 32
34 32
29 32
8 32
26 32
5 32
24 32
13 32
6 32
10 14
26 14
30 14
7 14
13 14
6 14
32 14
8 14
23 14
34 14
5 14
27 14
29 14
24 14
14 2
6 2
23 2
29 2
34 2
27 2
26 2
30 2
13 2
8 2
32 2
10 2
5 2
7 2
7 12
11 12
6 12
34 12
32 12
14 12
5 12
13 12
27 12
2 12
30 12
29 12
8 12
5 21
29 21
26 21
30 21
8 21
34 21
12 21
27 21
14 21
13 21
11 21
32 21
2 21
6 21
6 17
2 17
12 17
14 17
21 17
32 17
5 17
11 17
13 35
27 35
32 35
23 35
24 35
29 35
21 35
5 35
30 35
2 35
26 35
6 0
1 0
24 0
21 0
27 0
23 0
8 0
32 0
5 0
34 0
10 0
13 0
14 0
26 0
29 0
30 0
35 0
12 0
2 0
17" 18
6 18
34 18
0 18
30 18
26 18
13 18
36 18
16 18
20 18
14 18
2 18
10 18
32 18
29 18
22 18
31 18
27 18
28 18
9 18
6 15
28 15
2 15
18 15
17 15
3 15
34 15
22 15
29 15
32 15
20 15
9 15
21 15
27 15
30 15
36 15
25 15
26 15
8 15
5 15
10 15
14 15
13 15
31 15
16 15
12 15
0 15
18 15
27 4
15 4
36 4
3 4
28 4
22 4
34 4
32 4
25 4
26 4
31 4
12 4
0 4
8 4
17 4
18 4
16 4
14 4
29 4
6 4
10 4
21 4
20 4
13 4
9 4
30 4
2 4
5 4
10 33
34 33
28 33
26 33
32 33
30 33
36 33
31 33
4 33
29 33
0 33
6 33
25 33
27 33
17 33
16 33
18 33
22 33
21 33
13 33
5 33
20 33
2 33
9 33
12 33
8 33
14 33
15 33
