AAAAAA 11160 20995 3047 26392
AAAAAU 11425 22693 22446 40214
AAAAAU 11425 22693 23488 18910
AAAAAU 11425 22693 23488 18986
AAAAAU 11425 22693 23488 19168
AAAAAU 11425 22693 23488 19329
AAAAAU 11425 22693 23488 20411
AAAAAU 11425 22693 23488 35653
AAAAAU 11425 22693 23488 35783
AAAAAU 11425 22693 23488 36648
AAAAAU 11425 22693 23501 14197
AAAAAU 11425 22693 23501 15298
AAAAAU 11425 22693 23501 15447
AAAAAU 11425 22693 23501 15540
AAAAAU 11425 22693 23501 18918
AAAAAU 11425 22693 23501 19253
AAAAAU 11425 22693 23501 35819
AAAAAU 11425 22693 23501 36554
AAAAAU 11425 22693 23501 36619
AAAAAU 11425 22693 23501 36895
AAAAAU 11425 22693 23501 40172
AAAAAU 11425 22693 23501 40925
AAAAAU 11425 22693 2377 13755
AAAAAU 11425 22693 2377 13772
AAAAAU 11425 22693 2377 13861
AAAAAU 11425 22693 2377 14075
AAAAAU 11425 22693 2377 14112
AAAAAU 11425 22693 2377 14143
AAAAAU 11425 22693 2377 14168
AAAAAU 11425 22693 2377 14250
AAAAAU 11425 22693 2377 14265
AAAAAU 11425 22693 2377 14290
AAAAAU 11425 22693 2377 15221
AAAAAU 11425 22693 2377 15343
AAAAAU 11425 22693 2377 15418
AAAAAU 11425 22693 2377 15434
AAAAAU 11425 22693 2377 15444
AAAAAU 11425 22693 2377 15450
AAAAAU 11425 22693 2377 15508
AAAAAU 11425 22693 2377 15605
AAAAAU 11425 22693 2377 15619
AAAAAU 11425 22693 2377 15645
AAAAAU 11425 22693 2377 18936
AAAAAU 11425 22693 2377 18969
AAAAAU 11425 22693 2377 19060
AAAAAU 11425 22693 2377 19150
AAAAAU 11425 22693 2377 19252
AAAAAU 11425 22693 2377 19336
AAAAAU 11425 22693 2377 20236
AAAAAU 11425 22693 2377 20238
AAAAAU 11425 22693 2377 20297
AAAAAU 11425 22693 2377 20327
AAAAAU 11425 22693 2377 20336
AAAAAU 11425 22693 2377 20525
AAAAAU 11425 22693 2377 20557
AAAAAU 11425 22693 2377 20603
AAAAAU 11425 22693 2377 20643
AAAAAU 11425 22693 2377 35410
AAAAAU 11425 22693 2377 35441
AAAAAU 11425 22693 2377 35461
AAAAAU 11425 22693 2377 35601
AAAAAU 11425 22693 2377 35642
AAAAAU 11425 22693 2377 35678
AAAAAU 11425 22693 2377 35691
AAAAAU 11425 22693 2377 35698
AAAAAU 11425 22693 2377 35703
AAAAAU 11425 22693 2377 35794
AAAAAU 11425 22693 2377 35804
AAAAAU 11425 22693 2377 35819
AAAAAU 11425 22693 2377 36495
AAAAAU 11425 22693 2377 36499
AAAAAU 11425 22693 2377 36548
AAAAAU 11425 22693 2377 36745
AAAAAU 11425 22693 2377 36754
AAAAAU 11425 22693 2377 36773
AAAAAU 11425 22693 2377 36779
AAAAAU 11425 22693 2377 36824
AAAAAU 11425 22693 2377 36876
AAAAAU 11425 22693 2377 36906
AAAAAU 11425 22693 2377 40044
AAAAAU 11425 22693 2377 40133
AAAAAU 11425 22693 2377 40172
AAAAAU 11425 22693 2377 40181
AAAAAU 11425 22693 2377 40198
AAAAAU 11425 22693 2377 40255
AAAAAU 11425 22693 2377 40264
AAAAAU 11425 22693 2377 40281
AAAAAU 11425 22693 2377 40810
AAAAAU 11425 22693 2377 40819
AAAAAU 11425 22693 2377 40830
AAAAAU 11425 22693 2377 41698
AAAAAU 11425 22693 2377 41733
AAAAAU 11425 22693 2389 13891
AAAAAU 11425 22693 23936 20577
AAAAAU 11425 22693 28075 13903
AAAAAU 11425 22693 28075 20307
AAAAAU 11425 22693 28075 20384
AAAAAU 11425 22693 29713 13736
AAAAAU 11425 22693 29713 13775
AAAAAU 11425 22693 29713 13792
AAAAAU 11425 22693 29713 13956
AAAAAU 11425 22693 29713 13961
AAAAAU 11425 22693 29713 14027
AAAAAU 11425 22693 29713 14046
AAAAAU 11425 22693 29713 14113
AAAAAU 11425 22693 29713 14124
AAAAAU 11425 22693 29713 14135
AAAAAU 11425 22693 29713 14163
AAAAAU 11425 22693 29713 14173
AAAAAU 11425 22693 29713 14197
AAAAAU 11425 22693 29713 15125
AAAAAU 11425 22693 29713 15136
AAAAAU 11425 22693 29713 15145
AAAAAU 11425 22693 29713 15221
AAAAAU 11425 22693 29713 15289
AAAAAU 11425 22693 29713 15332
AAAAAU 11425 22693 29713 15335
AAAAAU 11425 22693 29713 15337
AAAAAU 11425 22693 29713 15343
AAAAAU 11425 22693 29713 15383
AAAAAU 11425 22693 29713 15394
AAAAAU 11425 22693 29713 15437
AAAAAU 11425 22693 29713 15448
AAAAAU 11425 22693 29713 15556
AAAAAU 11425 22693 29713 15598
AAAAAU 11425 22693 29713 15651
AAAAAU 11425 22693 29713 18883
AAAAAU 11425 22693 29713 18898
AAAAAU 11425 22693 29713 19098
AAAAAU 11425 22693 29713 19173
AAAAAU 11425 22693 29713 19216
AAAAAU 11425 22693 29713 19217
AAAAAU 11425 22693 29713 19253
AAAAAU 11425 22693 29713 19273
AAAAAU 11425 22693 29713 19316
AAAAAU 11425 22693 29713 19334
AAAAAU 11425 22693 29713 20179
AAAAAU 11425 22693 29713 20188
AAAAAU 11425 22693 29713 20326
AAAAAU 11425 22693 29713 20384
AAAAAU 11425 22693 29713 20456
AAAAAU 11425 22693 29713 20467
AAAAAU 11425 22693 29713 20560
AAAAAU 11425 22693 29713 20607
AAAAAU 11425 22693 29713 20622
AAAAAU 11425 22693 29713 20643
AAAAAU 11425 22693 29713 35320
AAAAAU 11425 22693 29713 35341
AAAAAU 11425 22693 29713 35366
AAAAAU 11425 22693 29713 35380
AAAAAU 11425 22693 29713 35392
AAAAAU 11425 22693 29713 35642
AAAAAU 11425 22693 29713 35674
AAAAAU 11425 22693 29713 35708
AAAAAU 11425 22693 29713 35820
AAAAAU 11425 22693 29713 36492
AAAAAU 11425 22693 29713 36527
AAAAAU 11425 22693 29713 36634
AAAAAU 11425 22693 29713 36737
AAAAAU 11425 22693 29713 36820
AAAAAU 11425 22693 29713 36863
AAAAAU 11425 22693 29713 36868
AAAAAU 11425 22693 29713 36870
AAAAAU 11425 22693 29713 36895
AAAAAU 11425 22693 29713 39959
AAAAAU 11425 22693 29713 40009
AAAAAU 11425 22693 29713 40014
AAAAAU 11425 22693 29713 40022
AAAAAU 11425 22693 29713 40052
AAAAAU 11425 22693 29713 40301
AAAAAU 11425 22693 29713 40774
AAAAAU 11425 22693 29713 40965
AAAAAU 11425 22693 29713 41904
AAAAAU 11425 22693 29713 41917
AAAAAU 11425 22693 30488 13736
AAAAAU 11425 22693 30488 13775
AAAAAU 11425 22693 30488 13790
AAAAAU 11425 22693 30488 13961
AAAAAU 11425 22693 30488 13967
AAAAAU 11425 22693 30488 14027
AAAAAU 11425 22693 30488 14064
AAAAAU 11425 22693 30488 14079
AAAAAU 11425 22693 30488 14100
AAAAAU 11425 22693 30488 14117
AAAAAU 11425 22693 30488 14127
AAAAAU 11425 22693 30488 14151
AAAAAU 11425 22693 30488 14168
AAAAAU 11425 22693 30488 14169
AAAAAU 11425 22693 30488 14172
AAAAAU 11425 22693 30488 14173
AAAAAU 11425 22693 30488 15095
AAAAAU 11425 22693 30488 15121
AAAAAU 11425 22693 30488 15221
AAAAAU 11425 22693 30488 15223
AAAAAU 11425 22693 30488 15332
AAAAAU 11425 22693 30488 15341
AAAAAU 11425 22693 30488 15343
AAAAAU 11425 22693 30488 15428
AAAAAU 11425 22693 30488 15450
AAAAAU 11425 22693 30488 15508
AAAAAU 11425 22693 30488 18898
AAAAAU 11425 22693 30488 18918
AAAAAU 11425 22693 30488 18936
AAAAAU 11425 22693 30488 19098
AAAAAU 11425 22693 30488 19143
AAAAAU 11425 22693 30488 19217
AAAAAU 11425 22693 30488 19218
AAAAAU 11425 22693 30488 19252
AAAAAU 11425 22693 30488 19253
AAAAAU 11425 22693 30488 19255
AAAAAU 11425 22693 30488 19273
AAAAAU 11425 22693 30488 20186
AAAAAU 11425 22693 30488 20238
AAAAAU 11425 22693 30488 20431
AAAAAU 11425 22693 30488 20527
AAAAAU 11425 22693 30488 20528
AAAAAU 11425 22693 30488 20542
AAAAAU 11425 22693 30488 20615
AAAAAU 11425 22693 30488 35410
AAAAAU 11425 22693 30488 35575
AAAAAU 11425 22693 30488 35642
AAAAAU 11425 22693 30488 35678
AAAAAU 11425 22693 30488 35820
AAAAAU 11425 22693 30488 36492
AAAAAU 11425 22693 30488 36619
AAAAAU 11425 22693 30488 36652
AAAAAU 11425 22693 30488 36692
AAAAAU 11425 22693 30488 36820
AAAAAU 11425 22693 30488 36832
AAAAAU 11425 22693 30488 36835
AAAAAU 11425 22693 30488 36871
AAAAAU 11425 22693 30488 40172
AAAAAU 11425 22693 30488 40243
AAAAAU 11425 22693 30488 40281
AAAAAU 11425 22693 30488 40810
AAAAAU 11425 22693 30488 40830
AAAAAU 11425 22693 30488 40888
AAAAAU 11425 22693 30488 40925
AAAAAU 11425 22693 30488 41682
AAAAAU 11425 22693 30488 41897
AAAAAU 11425 22693 30488 41903
AAAAAU 11425 22693 3872 15623
AAAAAU 11425 22693 3872 20307
AAUAAA 11458 30571 8537 10806
AAUAAA 11458 30571 8537 10875
AAUAAA 11458 30571 8537 24934
AAUAAA 11458 30571 8537 24947
AAUAAA 11458 30571 8537 26248
AAUAAA 11458 30571 8537 31432
AAUAAA 11458 30571 8537 31435
AAUAAA 11458 30571 8537 31483
AAUAAA 11458 30571 8537 33051
AAUAAA 11458 30571 8537 33053
AAUAAA 11458 30571 8537 4651
AAUAAA 11458 30571 8537 5025
AAUAAA 11458 30571 8537 5041
AAUAAA 11458 30571 8537 5091
AAUAAA 11458 30571 8537 9949
AAAAAU 11470 20995 28486 13875
AAAAAU 11470 20995 28486 14118
AAAAAU 11470 20995 28486 15298
AAAAAU 11470 20995 28486 19276
AAAAAU 11470 20995 28486 20297
AAAAAU 11470 20995 28486 20525
AAAAAU 11470 20995 28486 20543
AAAAAU 11470 20995 28486 35727
AAAAAU 11470 20995 28486 40830
AAAAAU 11470 20995 28486 40845
AAAAAU 11470 20995 28486 40909
AAAAAA 11479 22693 3460 31493
AAAAUA 11479 22693 10463 26537
AAUAAU 12216 32054 1802 15617
AAUAAU 12216 32054 1802 18921
AAUAAU 12216 32054 1802 35777
AAUAAU 12216 32054 1802 41739
AAUAUU 12445 32011 24893 13903
AAUAUU 12445 32011 24893 19002
AAAAAA 12814 22693 21730 24847
AAAAAA 12814 22693 21730 9969
AAAUAU 12882 30013 33712 20291
AAAUAU 12882 30013 33712 20556
AAAUAU 12882 30013 33712 20622
AAAUAU 12882 30013 33712 35521
AAAUAU 12882 30013 33712 36509
AAAUAU 12882 30013 33712 36692
AAAUAU 12882 30013 33712 39959
AAAUAU 12882 30013 33712 40260
AAAUAU 12882 30013 33712 40852
UAAAUA 13248 22519 10752 24829
UAAAAA 13318 27215 2860 24912
UAAUAA 13409 8685 33246 4819
UAAUAA 13409 8685 33246 4834
UUAAUU 13769 33288 24984 15116
UUAAUU 13769 33288 24984 19198
UUAAUU 13769 33288 24984 40070
UUAAUU 13769 33288 24984 40293
UUUAAU 13956 40366 30150 19035
UUAAAU 14069 33597 9464 40830
UUAAAA 14143 33439 28726 31442
UUAAAU 14161 33278 3660 15148
UUAAUA 14179 33439 9844 10948
UUAAUU 14179 33439 25105 15116
UUAAUU 14179 33439 31684 15277
UUAAUU 14179 33439 31684 18898
UUAAUU 14179 33439 31684 35642
UAAUAA 14369 22180 12588 26234
UAAUAA 14369 22180 12588 26547
UAAUAA 14369 22180 12588 26781
UAAUAA 14369 22180 12588 31193
UAAUAA 14369 22180 12588 31432
UAAUAA 14369 22180 12588 31657
UAAUAA 14369 22180 12588 31831
UAAUAA 14369 22180 12588 31860
UAAUAA 14369 22180 12588 4540
UAAUAA 14369 22180 12588 5091
UAAUAA 14369 22180 12588 5164
UAAAAA 14389 20745 8527 25061
UAAAAA 14389 20745 8527 26335
UAAAAA 14389 20745 8527 26398
UAAAAA 14389 20745 8527 26537
UAAAAA 14389 20745 8527 31259
UAAAAA 14389 20745 8527 31634
UAAAUA 14391 28868 4197 10822
UAAAUA 14391 28868 4197 31709
UAAAUU 14391 21408 32751 15383
UAAAUU 14391 21408 32751 36707
UAAAUU 14391 21408 5041 18960
UAAAUU 14391 21408 5041 20638
UAAAUU 14391 21408 5133 19149
UAAAUU 14391 21408 5133 35636
UAAAUU 14391 21408 5133 35728
UAUAUU 14391 32054 5123 20336
UAUAUU 14391 32054 5123 35435
UAUAUU 14391 32054 5123 41716
UAAAAA 14454 20745 8527 5927
UAUAAU 14454 24295 28435 15383
UAUAAU 14454 24295 28435 20307
UAUAAU 14454 30571 1820 20204
UAUAAU 14454 30571 1820 20209
UAUAAU 14454 30571 21948 20200
UAUAAU 14454 30571 21948 35777
UAUAUA 14454 24295 24603 10008
UAUAUU 14454 30571 5821 13936
UAUAUU 14454 30571 5821 14051
UAUAUU 14454 30571 5821 14100
UAUAUU 14454 30571 5821 14113
UAUAUU 14454 30571 5821 14124
UAUAUU 14454 30571 5821 14134
UAUAUU 14454 30571 5821 14151
UAUAUU 14454 30571 5821 14154
UAUAUU 14454 30571 5821 14169
UAUAUU 14454 30571 5821 14232
UAUAUU 14454 30571 5821 14253
UAUAUU 14454 30571 5821 15121
UAUAUU 14454 30571 5821 15127
UAUAUU 14454 30571 5821 15223
UAUAUU 14454 30571 5821 15298
UAUAUU 14454 30571 5821 15335
UAUAUU 14454 30571 5821 15337
UAUAUU 14454 30571 5821 15341
UAUAUU 14454 30571 5821 15408
UAUAUU 14454 30571 5821 15483
UAUAUU 14454 30571 5821 15503
UAUAUU 14454 30571 5821 15621
UAUAUU 14454 30571 5821 18894
UAUAUU 14454 30571 5821 18908
UAUAUU 14454 30571 5821 18969
UAUAUU 14454 30571 5821 19217
UAUAUU 14454 30571 5821 19253
UAUAUU 14454 30571 5821 19299
UAUAUU 14454 30571 5821 19348
UAUAUU 14454 30571 5821 20178
UAUAUU 14454 30571 5821 20188
UAUAUU 14454 30571 5821 20236
UAUAUU 14454 30571 5821 20298
UAUAUU 14454 30571 5821 20357
UAUAUU 14454 30571 5821 20456
UAUAUU 14454 30571 5821 20607
UAUAUU 14454 30571 5821 20642
UAUAUU 14454 30571 5821 20643
UAUAUU 14454 30571 5821 35320
UAUAUU 14454 30571 5821 35340
UAUAUU 14454 30571 5821 35503
UAUAUU 14454 30571 5821 35670
UAUAUU 14454 30571 5821 35759
UAUAUU 14454 30571 5821 36648
UAUAUU 14454 30571 5821 36779
UAUAUU 14454 30571 5821 36781
UAUAUU 14454 30571 5821 36832
UAUAUU 14454 30571 5821 36859
UAUAUU 14454 30571 5821 36862
UAUAUU 14454 30571 5821 36863
UAUAUU 14454 30571 5821 36887
UAUAUU 14454 30571 5821 36899
UAUAUU 14454 30571 5821 40258
UAUAUU 14454 30571 5821 40279
UAUAUU 14454 30571 5821 40925
UAUAUU 14454 30571 5821 41750
UAAAAA 14460 28868 1137 31493
UAAAAA 14460 28868 1623 26468
UAAAAA 14460 28868 1623 31727
UAAAAA 14460 28868 27099 5922
UAAAAA 14460 28868 29243 31719
UAAAAA 14460 28868 29614 26610
UAAAAA 14460 28868 8196 26251
UAAAAA 14460 28868 8196 26686
UAAAAA 14460 28868 8196 31131
UAAAAA 14460 28868 8196 32842
UAUAAA 14460 24295 23063 31435
UAUAAA 14460 24295 23063 31648
UAUAAA 14460 24295 23063 31864
UAUAAA 14460 24295 23063 33051
UAUAAA 14460 24295 23063 33053
UAUAAA 14460 24295 23063 33150
UAUAAA 14460 24295 23063 33201
UAUAAA 14460 24295 23063 4448
UAUAAA 14460 24295 23063 9891
UAUAAA 14460 24295 23063 9949
UAUAAA 14460 24295 8031 26468
UAUAAA 14460 24295 8175 31277
UAUAAA 14460 24295 8175 32889
UAUAAA 14460 24295 8175 33218
UAAAAA 14486 22733 21485 31442
UAAAAA 14486 22733 21805 5847
UAAAAA 14486 22733 21805 5922
UAAAUU 14486 22733 31604 20307
UAAAUU 14486 22733 31604 36707
UAUAAU 14486 24050 3806 18963
UAAAAA 14499 21183 22900 26415
UAAAAA 14499 21183 22900 26450
UAAAAA 14499 21183 22900 26543
UAAAAA 14499 21183 22900 31722
UAAAAA 14499 21183 22900 31783
UAAAAA 14499 21183 22900 4470
UAAAAA 14499 21183 22900 5055
UAUAUA 14500 24285 32150 24921
UAUAAU 14519 24127 23564 35441
UAUAUA 14519 24127 10259 4876
UAUAUA 14519 24127 10259 4894
UAAUUA 14588 22154 14579 10940
UAAUUA 14588 22154 14579 24745
UAAUUA 14588 22154 14579 24935
UAAUUA 14588 22154 14579 26330
UAAUUA 14588 22154 14579 26415
UAAUUA 14588 22154 14579 26437
UAAUUA 14588 22154 14579 31366
UAAUUA 14588 22154 14579 31434
UAAUUA 14588 22154 14579 31450
UAAUUA 14588 22154 14579 31569
UAAUUA 14588 22154 14579 31805
UAAUUA 14588 22154 14579 32842
UAAUUA 14588 22154 14579 33013
UAAUUA 14588 22154 14579 4483
UAAUUA 14588 22154 14579 4582
UAAUUA 14588 22154 14579 5089
UAAUUA 14588 22154 14579 5218
UAAUUA 14588 22154 14579 6031
UAAUUA 14588 22154 14579 6184
UAUAAU 14588 30571 1802 15409
UAUAAU 14588 30571 1802 15512
UAUAAU 14588 30571 1802 15617
UAUAAU 14588 30571 1802 15657
UAUAAU 14588 30571 1802 35356
UAUAAU 14588 30571 1802 35691
UAUAAU 14588 30571 1802 35726
UAUAAU 14588 30571 1802 40820
UAUAAU 14588 30571 1802 40823
UAUAAU 14588 30571 1802 41739
UAUAUU 14624 24073 26635 13903
UAUAUU 14624 24073 26635 15623
UAUAUU 14624 24073 26635 19002
UAUAUU 14624 24073 26635 19071
UAUAUU 14624 24073 26635 20491
UAUAUU 14624 24073 31876 18916
UAUAUU 14624 24073 31876 18934
UAAUAU 14645 30013 33712 13775
UAAUAU 14645 30013 33712 13790
UAAUAU 14645 30013 33712 13792
UAAUAU 14645 30013 33712 13905
UAAUAU 14645 30013 33712 14027
UAAUAU 14645 30013 33712 14052
UAAUAU 14645 30013 33712 14151
UAAUAU 14645 30013 33712 14155
UAAUAU 14645 30013 33712 14234
UAAUAU 14645 30013 33712 15108
UAAUAU 14645 30013 33712 15112
UAAUAU 14645 30013 33712 15115
UAAUAU 14645 30013 33712 15168
UAAUAU 14645 30013 33712 15268
UAAUAU 14645 30013 33712 15422
UAAUAU 14645 30013 33712 15602
UAAUAU 14645 30013 33712 15636
UAAUAU 14645 30013 33712 18911
UAAUAU 14645 30013 33712 18943
UAAUAU 14645 30013 33712 19163
UAAUAU 14645 30013 33712 19165
UAAUAU 14645 30013 33712 19312
UAAUAU 14645 30013 33712 19348
UAAUAU 14645 30013 33712 19358
UAAUAU 14645 30013 33712 20291
UAAUAU 14645 30013 33712 20415
UAAUAU 14645 30013 33712 20607
UAAUAU 14645 30013 33712 35503
UAAUAU 14645 30013 33712 35521
UAAUAU 14645 30013 33712 35733
UAAUAU 14645 30013 33712 35745
UAAUAU 14645 30013 33712 36527
UAAUAU 14645 30013 33712 36546
UAAUAU 14645 30013 33712 36737
UAAUAU 14645 30013 33712 36743
UAAUAU 14645 30013 33712 36848
UAAUAU 14645 30013 33712 40054
UAAUAU 14645 30013 33712 40161
UAAUAU 14645 30013 33712 40253
UAAUAU 14645 30013 33712 40260
UAAUAU 14645 30013 33712 40273
UAAUAU 14645 30013 33712 40285
UAAUAU 14645 30013 33712 40305
UAAUAU 14645 30013 33712 40852
UAAUAU 14645 30013 33712 40888
UAAUAU 14645 30013 33712 41354
UAAUAU 14645 30013 33712 41423
UAAUAU 14645 30013 33712 41665
UAAUAU 14645 30013 33712 41679
UAAUAU 14645 30013 33712 41903
UAAUAU 14645 30013 33712 41905
UAAAAA 14663 22693 29305 5045
UAAAAA 14663 22693 29523 32968
UAAAAA 14663 22693 3518 10960
UAAAAA 14663 22693 3562 25244
UAAAAA 14663 22693 6253 24852
UAAAAA 14663 22693 6253 24932
UAAAAA 14663 22693 6253 25198
UAAAAA 14663 22693 6253 25215
UAAAAA 14663 22693 6253 26771
UAAAAA 14663 22693 6253 31401
UAAAAA 14663 22693 6253 31648
UAAAAA 14663 22693 6253 32838
UAAAAA 14663 22693 6253 4794
UAAAAA 14663 22693 6253 9953
UAAAAA 14663 22693 6253 9957
UAAAAA 14663 22693 6254 25219
UAAAAA 14663 22693 6254 26530
UAAAAA 14663 22693 6254 26711
UAAAAA 14663 22693 6254 26794
UAAAAA 14663 22693 6254 31401
UAAAAA 14663 22693 6254 31403
UAAAAA 14663 22693 6254 31648
UAAAAA 14663 22693 6254 31705
UAAAAA 14663 22693 6254 32754
UAAAAA 14663 22693 6254 32877
UAAAAA 14663 22693 6254 4453
UAAAAA 14663 22693 6254 4530
UAAAAA 14663 22693 6254 4609
UAAAAA 14663 22693 6254 4794
UAAAAA 14663 22693 6254 5054
UAAAAA 14663 22693 6830 24940
UAAAAA 14663 22693 6830 24975
UAAAAA 14663 22693 6830 26437
UAAAAA 14663 22693 6830 33011
UAAAAA 14663 22693 6830 4794
UAAAAA 14663 22693 6830 5144
UAAAAA 14663 22693 6830 6180
UAAAAA 14663 22693 6830 6182
UAAAAA 14663 22693 6830 6203
UAAAAA 14663 22693 6830 6205
UAAAAA 14663 22693 6884 10844
UAAAAA 14663 22693 6884 24947
UAAAAA 14663 22693 6884 32877
UAAAAA 14663 22693 6884 33051
UAAAAA 14663 22693 6884 5968
UAAAAA 14663 22693 8480 26228
UAAAAA 14663 22693 8480 31198
UAAAAA 14663 22693 8480 31442
UAAAAA 14663 22693 8480 31590
UAAAAA 14663 22693 8480 32805
UAAAAA 14663 22693 8480 32809
UAAAAA 14663 22693 8480 32829
UAAAAA 14663 22693 8480 32831
UAAAAA 14663 22693 8480 32859
UAAAAA 14663 22693 8480 33076
UAAAAA 14663 22693 8480 33079
UAAAAA 14663 22693 8480 5045
UAAAAA 14663 22693 8579 10177
UAAAAA 14663 22693 8579 10986
UAAAAA 14663 22693 8579 10991
UAAAAA 14663 22693 8579 24819
UAAAAA 14663 22693 8579 25061
UAAAAA 14663 22693 8579 26230
UAAAAA 14663 22693 8579 26502
UAAAAA 14663 22693 8579 26567
UAAAAA 14663 22693 8579 26686
UAAAAA 14663 22693 8579 31432
UAAAAA 14663 22693 8579 31715
UAAAAA 14663 22693 8579 31805
UAAAAA 14663 22693 8579 32968
UAAAAA 14663 22693 8579 33008
UAAAAA 14663 22693 8579 33032
UAAAAA 14663 22693 8579 33103
UAAAAA 14663 22693 8579 33186
UAAAAA 14663 22693 8579 5060
UAAAAA 14663 22693 8579 5091
UAAAAA 14663 22693 8579 5103
UAAAAA 14663 22693 8579 5136
UAAAAA 14663 22693 8579 5181
UAUAAA 14758 32054 8527 26537
UAAAAU 14795 21182 28518 18936
UAAAAU 14795 21182 28518 20527
UAAAAU 14795 21182 28518 36722
UAAAUU 14811 21016 10796 13903
UAAAUU 14811 22519 31876 18916
UAAAUU 14811 22519 5123 13736
UAAAUU 14811 22519 5123 13772
UAAAUU 14811 22519 5123 13939
UAAAUU 14811 22519 5123 13982
UAAAUU 14811 22519 5123 14204
UAAAUU 14811 22519 5123 14265
UAAAUU 14811 22519 5123 15423
UAAAUU 14811 22519 5123 15450
UAAAUU 14811 22519 5123 15511
UAAAUU 14811 22519 5123 19077
UAAAUU 14811 22519 5123 19293
UAAAUU 14811 22519 5123 20336
UAAAUU 14811 22519 5123 35435
UAAAUU 14811 22519 5123 36732
UAAAUU 14811 22519 5123 40830
UAAAUU 14846 22693 31493 15362
UAAAUU 14846 22693 31493 15366
UAAAUU 14846 22693 31493 20512
UAAAUU 14846 22693 31493 20533
UAAAUU 14846 22693 31493 35696
UAAAUU 14846 22693 31493 40280
UAAAUU 14846 22693 31493 41493
UAUAAU 14875 24050 28635 36841
UAAAAU 14887 20673 7215 15368
UAAAAA 14892 28693 2603 25276
UAAAAA 14892 28693 2603 26165
UAAAAA 14892 28693 2603 26173
UAAAAA 14892 28693 2603 32844
UAAAAA 14892 28693 2603 33183
UAAAAA 14892 28693 27704 10160
UAAAAA 14892 28693 27704 33082
UAAAAA 14892 28693 3084 24904
UAAAAA 14892 28693 3084 25068
UAAAAA 14892 28693 8527 10060
UAAAAA 14892 28693 8527 25123
UAAAAA 14892 28693 8527 25190
UAAAAA 14892 28693 8527 25285
UAAAAA 14892 28693 8527 26159
UAAAAA 14892 28693 8527 26254
UAAAAA 14892 28693 8527 26430
UAAAAA 14892 28693 8527 26438
UAAAAA 14892 28693 8527 26494
UAAAAA 14892 28693 8527 26510
UAAAAA 14892 28693 8527 26687
UAAAAA 14892 28693 8527 26705
UAAAAA 14892 28693 8527 31593
UAAAAA 14892 28693 8527 31634
UAAAAA 14892 28693 8527 31764
UAAAAA 14892 28693 8527 33036
UAAAAA 14892 28693 8527 33208
UAAAAA 14892 28693 8527 4552
UAAAAA 14892 28693 8527 4646
UAAAAA 14892 28693 8527 4656
UAAAAA 14892 28693 8527 4849
UAAAAA 14892 28693 8527 5150
UAAAAA 14892 28693 8527 5927
UAAAAA 14892 28693 8527 5948
UAAAAA 14892 28693 8527 6014
UAAAAA 14892 28693 8527 9885
UAAAAA 14892 28693 8527 9897
UAAAUA 14913 22693 24653 26648
UAAAAA 15006 22693 7765 31504
UAAAAU 15027 21183 2051 41884
UUAUAU 15296 34555 34773 13775
UUAUAU 15296 34555 34773 13790
UUAUAU 15296 34555 34773 14027
UUAUAU 15296 34555 34773 14127
UUAUAU 15296 34555 34773 15341
UUAUAU 15296 34555 34773 15422
UUAUAU 15296 34555 34773 19150
UUAUAU 15296 34555 34773 19276
UUAUAU 15296 34555 34773 20238
UUAUAU 15296 34555 34773 20622
UUAUAU 15296 34555 34773 35341
UUAUAU 15296 34555 34773 35548
UUAUAU 15296 34555 34773 35806
UUAUAU 15296 34555 34773 36495
UUAUAU 15296 34555 34773 36673
UUAUAU 15296 34555 34773 36779
UUAUAU 15296 34555 34773 36857
UUAUAU 15296 34555 34773 36862
UUAUAU 15296 34555 34773 36899
UUAUAU 15296 34555 34773 39970
UUAUAU 15296 34555 34773 40172
UUAUAU 15296 34555 34773 40281
UUAUAU 15296 34555 34773 40888
UUAUAU 15296 34555 34773 41932
UUAAAU 15366 11125 22365 13926
UUUAAA 15418 40366 23100 24795
UUAAAU 15422 33595 7402 13854
UUAAAU 15422 33595 7402 15341
UUAAAU 15422 33595 7402 19035
AAAAAA 15885 22693 6253 4453
AAAAUA 16166 6538 5547 5149
AAUAAU 16313 4070 2188 35790
AAUAAU 16313 4070 2188 41727
AUAAAA 16550 33598 29328 4864
AUAAAA 16550 33598 29328 5869
AAUAAU 17021 25640 7680 40830
AAUAAU 17162 4070 2192 13844
AAUAAU 17162 4070 2192 18875
AAUAAU 17162 4070 2192 19204
AAUAAU 17162 4070 2193 13844
AAUAAU 17162 4070 2193 18875
AAUAAU 17162 4070 2193 41710
AAAUUU 17365 3763 13893 40890
AAAUUU 17365 3763 13893 41267
AAAUUU 17365 3763 14119 14253
AAAUUU 17365 3763 14119 35680
AAAUUU 17365 3763 14119 35781
AAAUUU 17365 3763 15337 13844
AAAUUU 17365 3763 15337 14051
AAAUUU 17365 3763 15337 14136
AAAUUU 17365 3763 15337 14161
AAAUUU 17365 3763 15337 14236
AAAUUU 17365 3763 15337 14277
AAAUUU 17365 3763 15337 15339
AAAUUU 17365 3763 15337 19289
AAAUUU 17365 3763 15337 19299
AAAUUU 17365 3763 15337 19323
AAAUUU 17365 3763 15337 20409
AAAUUU 17365 3763 15337 35521
AAAUUU 17365 3763 15337 40064
AAAUUU 17365 3763 15337 40305
AAAUUU 17365 3763 15337 41392
AAAUUU 17365 3763 20647 19149
AAAUUU 17365 3763 40258 13819
AAAUUU 17365 3763 40258 15095
AAAUUU 17365 3763 40258 15418
AAAUUU 17365 3763 40258 15423
AAAUUU 17365 3763 40258 19255
AAAUUU 17365 3763 40258 35601
AAAUUU 17365 3763 40258 36492
AAAUUU 17365 3763 40258 36876
AAAAUU 17435 20846 25272 20448
AAAUAU 17444 30184 34551 15137
AAAAUU 17547 20665 31805 20389
AUAAUU 17935 33439 31672 19222
AUAAUU 17935 33439 31672 19224
AUAAUU 17935 33439 31672 20501
AUAUAA 18116 11622 37090 9968
AUAUAA 18116 38124 39119 31442
AUAUAA 18116 38124 39119 5147
AUUAAA 18116 13715 28779 32811
AUUAAA 18116 13715 29274 31492
AUUAAA 18116 13715 29274 32811
AUUAAA 18116 13715 29274 32858
AUUAAA 18116 13715 3557 10948
AUUAAA 18116 36319 8527 10051
UAUAAU 18498 30590 3840 13819
UAUAAU 18498 30590 3840 14250
UAUAAU 18498 30590 3840 35674
UAUAAU 18498 30590 3840 40952
UAAUUU 18526 22180 41002 19077
UAAUUU 18526 22180 41002 20543
UAAAUU 18683 20681 26635 13886
UAAAUU 18683 20681 4540 20501
UAAAAU 18738 22693 7015 13958
UAAAUA 19435 22693 24567 4646
UAAAAU 19477 22693 23622 19222
UAAAAU 19484 22693 23608 13757
UAAAAU 19484 22693 23608 15122
UAAAAU 19484 22693 23608 20525
UAAAAU 19484 22693 23608 20527
UAAAAU 19484 22693 23608 35820
UAAAAU 19484 22693 23608 40830
UAAAAU 19484 22693 3813 40830
UAAAAU 19484 22693 6946 15428
UAAAAU 19484 22693 6946 35675
UAAAAU 19484 22693 6946 35820
UAAAAU 19484 22693 6946 36707
UAAAAU 19484 22693 7015 13903
UAAAAU 19484 22693 7015 15428
UAAAAU 19484 22693 7015 15623
UAAAAU 19484 22693 7015 19002
UAAAAU 19484 22693 7015 40774
UAAAAU 19484 22693 7185 19071
UAAAAU 19484 22693 7185 41892
UAAAAU 19484 22693 7708 14027
UAAAAU 19484 22693 7708 14118
UAAAAU 19484 22693 7708 15298
UAAAAU 19507 22693 23622 19222
UAAAAU 19507 22693 7015 13903
UAAAAU 19507 22693 7015 19002
UAAAAU 19507 22693 7015 20307
UAAAAU 19507 22693 7015 20501
UAAAAU 19507 22693 7444 20444
UAAAAU 19507 22693 7444 36761
UAAAAU 19557 28868 1870 13757
UAAAAU 19557 28868 1870 13870
UAAAAU 19557 28868 1870 15298
UAAAAU 19557 28868 1870 15343
UAAAAU 19557 28868 1870 15408
UAAAAU 19557 28868 1870 19131
UAAAAU 19557 28868 1870 19174
UAAAAU 19557 28868 1870 20525
UAAAAU 19557 28868 1870 35341
UAAAAU 19557 28868 1870 35599
UAAAAU 19557 28868 1870 35678
UAAAAU 19557 28868 1870 36862
UAAAAU 19557 28868 1870 36895
UAAAAU 19557 28868 1870 40819
UAAAAU 19557 28868 1870 40925
UAAAAU 19557 28868 9273 40280
UAAAAU 19740 22733 7215 13811
UAAAAU 19740 22733 7215 15621
UAAAAU 19740 22733 7215 40797
UAAAAU 19740 22733 7215 40959
UAAAAU 19740 22733 9451 15276
UAAAAU 19740 22733 9451 15383
UAAAAU 19740 22733 9451 36727
UAAAAU 19740 22733 9451 36799
UAAAAU 19740 28868 23490 19224
UAAAAU 19740 28868 7042 14051
UAAAAU 19740 28868 7042 15127
UAAAAU 19740 28868 7042 15263
UAAAAU 19740 28868 7042 15337
UAAAAU 19740 28868 7042 15341
UAAAAU 19740 28868 7042 15433
UAAAAU 19740 28868 7042 15453
UAAAAU 19740 28868 7042 19217
UAAAAU 19740 28868 7042 20607
UAAAAU 19740 28868 7042 35728
UAAAAU 19740 28868 7042 35733
UAAAAU 19740 28868 7042 40258
UAAAAU 19740 28868 7042 41668
UAAAAU 19740 28868 7094 13809
UAAAAU 19740 28868 7094 19317
UAAAAU 19740 28868 9273 13893
UAAAUA 19740 21408 23990 31439
UAAAAU 19750 20706 22383 36823
UAAUUA 19817 1986 13700 32811
UAUUAU 19817 32756 37780 20384
UAAAUA 19870 20681 4360 24702
UAAAUA 19870 20681 4360 31442
UAAUAU 19937 22154 11748 18936
UAAUAU 19937 22154 11748 20557
UAAUAU 19937 22154 11748 20620
UAAUAU 19937 22154 16770 15383
UAUAAU 19981 24127 21840 40888
UAAUUU 20065 21990 35642 14060
UAAUUU 20065 21990 35642 15164
UAAUUU 20065 21990 35642 20468
UAAUUU 20065 21990 35642 35722
UAAUUU 20065 21990 35800 20501
UAUAAA 20066 24073 22766 25153
UAUAAA 20066 24073 22766 25165
UAUAAA 20066 24073 22766 26392
UAUAAA 20066 24073 3081 25245
UAAAUA 20124 22693 4218 33103
UAAAUU 20124 22693 24819 20464
UAAAAA 20140 22693 3460 31492
UAAAAA 20140 22693 3460 31493
UAAAAA 20140 22693 3460 5869
UAAUAU 20140 30013 33712 15144
UAAAAU 20148 22693 9075 20389
UUAAUU 20185 33439 10970 39920
UUAAUU 20185 33439 26668 20389
UUUAAA 20471 34921 21078 6027
UUAUAA 20509 37862 11169 24798
UUAUAA 20509 37862 17251 10156
UUAUAA 20509 37862 17251 6014
UUAUAA 20509 37862 17759 5209
UUAUAA 20509 37862 17894 24721
UUAUAA 20509 37862 17894 26358
UUAUAA 20509 37862 17894 26520
UUAUAA 20509 37862 17894 26562
UUAUAA 20509 37862 17894 26754
UUAUAA 20509 37862 17894 26838
UUAUAA 20509 37862 17894 31769
UUAUAA 20509 37862 34452 26530
UUAUAA 20509 37862 36938 10167
UUAUAA 20509 37862 38539 24887
UUAUAA 20509 37862 38539 24898
UUAUAA 20509 37862 38539 31581
UUAUAA 20509 37862 38539 31730
UUAUAA 20509 37862 38539 5164
UUAUAA 20509 37862 38539 6183
UUAUAA 20509 37862 39150 24852
UUAUAA 20509 37862 39150 26378
AAUUAA 33273 25014 16051 9968
AAAAUA 33305 20681 4250 31442
AUUAAU 33824 40525 22228 18936
AUUAAU 33824 40525 22228 20273
AUUAAU 33824 40525 22228 20297
AUUAAU 33824 40525 22228 20525
AUUAAU 33824 40525 22228 35441
AUUAAU 33824 40525 22228 35794
AUUAAU 33824 40525 22228 36906
AUUAAU 33824 40525 22228 40044
AUUAAU 33824 40525 22228 40845
AUUAAU 33824 40525 22228 40879
AUUAAU 33824 40525 22228 40909
AUUAAU 33824 40525 22228 41028
AUUAAU 33824 40525 22228 41175
AUUAAU 33824 40525 22228 41729
AUUAUA 34023 14782 24401 4700
AUUAUA 34023 14782 5271 4687
AUUAUU 34023 14782 26424 20307
AUUAUU 34023 14782 26424 20460
AUUAUU 34023 14782 31130 20512
AUUAUU 34023 14782 5132 20464
AUUAUU 34023 14782 5132 20468
AUUAUU 34023 14782 5132 20484
AUUAUU 34023 14782 5132 20533
AUUAUA 34024 14782 25506 32811
AUUAUA 34024 14782 31988 4687
AUUAUA 34024 14782 32104 31492
AUUAUA 34024 14782 4258 31493
AUUAUA 34024 14782 4312 32811
AUUAUA 34024 14782 4365 32811
AUUAUA 34024 14782 4365 4877
AUUAUA 34024 14782 4431 31492
AUUAUA 34024 14782 4431 32811
AUUAUA 34024 14782 9741 4700
AUUAUU 34024 14782 26424 13903
AUUAUU 34024 14782 26424 20307
AUUAUU 34024 14782 31106 15436
AUUAUU 34024 14782 31106 20512
AUUAUU 34024 14782 31106 20545
AUUAUU 34024 14782 31106 40280
AUUAUU 34024 14782 31466 20484
AUUAUU 34024 14782 31466 20533
AUUAUU 34024 14782 5116 20411
AUUAUU 34024 14782 5132 20464
AUUAUU 34024 14782 5132 20468
AUUAUU 34024 14782 5132 20484
AUUAUU 34024 14782 5132 20533
AUAUUA 34040 39505 13493 31189
AUAUUA 34040 39505 15009 25114
AUAUUA 34040 39505 15031 32811
AUAUUA 34040 39505 36180 4687
AUUAUA 34040 35274 24342 31442
AUUAUU 34040 14860 5917 13986
UAAAAA 35111 27558 663 5069
UAAUAU 35116 30013 33712 14220
UAAUAU 35116 30013 33712 15168
UAAUAU 35116 30013 33712 19358
UAAUAU 35116 30013 33712 36507
UAAUAU 35116 30013 33712 40290
UAAAAA 35169 22693 1757 10782
UAAAAA 35169 22693 1757 24932
UAAAAA 35169 22693 1757 24934
UAAAAA 35169 22693 1757 24947
UAAAAA 35169 22693 1757 25289
UAAAAA 35169 22693 1757 26378
UAAAAA 35169 22693 1757 26610
UAAAAA 35169 22693 1757 26669
UAAAAA 35169 22693 1757 26696
UAAAAA 35169 22693 1757 26798
UAAAAA 35169 22693 1757 26817
UAAAAA 35169 22693 1757 31193
UAAAAA 35169 22693 1757 31401
UAAAAA 35169 22693 1757 31432
UAAAAA 35169 22693 1757 31435
UAAAAA 35169 22693 1757 31581
UAAAAA 35169 22693 1757 31615
UAAAAA 35169 22693 1757 31648
UAAAAA 35169 22693 1757 31776
UAAAAA 35169 22693 1757 32838
UAAAAA 35169 22693 1757 32877
UAAAAA 35169 22693 1757 33051
UAAAAA 35169 22693 1757 33053
UAAAAA 35169 22693 1757 33057
UAAAAA 35169 22693 1757 33086
UAAAAA 35169 22693 1757 33158
UAAAAA 35169 22693 1757 4448
UAAAAA 35169 22693 1757 4794
UAAAAA 35169 22693 1757 4847
UAAAAA 35169 22693 1757 5053
UAAAAA 35169 22693 1757 5054
UAAAAA 35169 22693 1757 9877
UAAAAA 35169 22693 1757 9939
UAAAAA 35169 22693 1757 9957
UAAAAA 35169 22693 1757 9989
UAAAAA 35169 22693 1757 9999
UAAAAA 35169 22693 27018 10788
UAAAAA 35169 22693 27018 10884
UAAAAA 35169 22693 27018 24845
UAAAAA 35169 22693 27018 26228
UAAAAA 35169 22693 27018 26398
UAAAAA 35169 22693 27018 26502
UAAAAA 35169 22693 27018 26724
UAAAAA 35169 22693 27018 31445
UAAAAA 35169 22693 27018 31615
UAAAAA 35169 22693 27018 31876
UAAAAA 35169 22693 27018 32809
UAAAAA 35169 22693 27018 32827
UAAAAA 35169 22693 27018 32829
UAAAAA 35169 22693 27018 32831
UAAAAA 35169 22693 27018 33019
UAAAAA 35169 22693 27018 33076
UAAAAA 35169 22693 27018 33103
UAAAAA 35169 22693 27018 4512
UAAAAA 35169 22693 27018 4558
UAAAAA 35169 22693 27018 4651
UAAAAA 35169 22693 27018 4765
UAAAAA 35169 22693 27018 5045
UAAAAA 35169 22693 27018 5103
UAAAAA 35169 22693 27018 5179
UAAAAA 35169 22693 27888 24759
UAAAAA 35169 22693 27888 26696
UAAAAA 35169 22693 27888 26799
UAAAAA 35169 22693 27888 9957
UAAAAA 35169 22693 27888 9999
UAAAAA 35169 22693 29527 26468
UAAAAA 35169 22693 29527 26484
UAAAAA 35169 22693 29527 26657
UAAAAA 35169 22693 29527 26799
UAAAAA 35169 22693 29527 31435
UAAAAA 35169 22693 29527 31483
UAAAAA 35169 22693 29527 32889
UAAAAA 35169 22693 29527 33051
UAAAAA 35169 22693 29527 5100
UAAAAA 35169 22693 29527 9939
UAAAAA 35169 22693 29527 9989
UAAAAA 35169 22693 6254 24711
UAAAAA 35169 22693 6254 24866
UAAAAA 35169 22693 6254 24932
UAAAAA 35169 22693 6254 26610
UAAAAA 35169 22693 6254 26711
UAAAAA 35169 22693 6254 31403
UAAAAA 35169 22693 6254 31435
UAAAAA 35169 22693 6254 32877
UAAAAA 35169 22693 6254 33218
UAAAAA 35169 22693 6254 5100
UAAAAA 35169 22693 6254 6125
UAAAUA 35184 22693 24059 26494
UAAAUA 35184 22693 24059 4607
UAAAUA 35184 22693 24059 4646
UAAAUA 35184 22693 4071 4726
UAAAUU 35184 22693 25147 15247
UAAAUU 35184 22693 25147 18969
UAAAUU 35184 22693 6112 19095
UAAAUU 35184 22693 6144 41109
UAAUUU 35203 7286 20383 40210
UAAAUU 35215 21410 26635 13886
UAAAUU 35215 21410 26635 20525
UUUAAU 35329 40383 2428 19077
UUUAAU 35329 40383 7650 20464
UUUAAU 35329 40383 7650 20468
UUUAAA 35548 14719 513 25071
UUUAUU 35775 40366 25139 15522
UUUAUU 35775 40366 25139 35367
UUUAUU 35775 40366 25139 36756
UUUAUU 35775 40366 25139 39983
UUUAUU 35775 40366 25139 40029
UUUAUU 35775 40366 25139 40820
UUUAUU 35775 40366 25152 15659
UUUAUU 35775 40366 25152 19229
UUUAUU 35775 40366 25152 36756
UUUAUU 35775 40366 25152 39983
UUUAUU 35775 40366 25152 40820
UUUAUU 35775 40366 26415 15221
UUUAUU 35775 40366 26415 19069
UUUAUU 35775 40366 26415 19267
UUUAUU 35775 40366 26415 35392
UUUAUU 35775 40366 26415 35481
UUUAUU 35775 40366 26415 39998
UUUAUU 35775 40366 26415 41910
UUUAUU 35775 40366 26838 14174
UUUAUU 35775 40366 26838 19092
UUUAUU 35775 40366 26838 20351
UUUAUU 35775 40366 26838 35320
UUUAUU 35775 40366 26838 36767
UUUAUU 35775 40366 26838 36810
UUUAUU 35775 40366 26838 40070
UUUAUU 35775 40366 26838 40072
UUUAUU 35775 40366 31443 13730
UUUAUU 35775 40366 31443 13740
UUUAUU 35775 40366 31443 14017
UUUAUU 35775 40366 31443 14118
UUUAUU 35775 40366 31443 14135
UUUAUU 35775 40366 31443 14143
UUUAUU 35775 40366 31443 14174
UUUAUU 35775 40366 31443 15220
UUUAUU 35775 40366 31443 15221
UUUAUU 35775 40366 31443 15223
UUUAUU 35775 40366 31443 15298
UUUAUU 35775 40366 31443 15408
UUUAUU 35775 40366 31443 15428
UUUAUU 35775 40366 31443 15508
UUUAUU 35775 40366 31443 15597
UUUAUU 35775 40366 31443 15623
UUUAUU 35775 40366 31443 18969
UUUAUU 35775 40366 31443 19092
UUUAUU 35775 40366 31443 19127
UUUAUU 35775 40366 31443 19131
UUUAUU 35775 40366 31443 19174
UUUAUU 35775 40366 31443 19218
UUUAUU 35775 40366 31443 19253
UUUAUU 35775 40366 31443 19264
UUUAUU 35775 40366 31443 19276
UUUAUU 35775 40366 31443 20185
UUUAUU 35775 40366 31443 20218
UUUAUU 35775 40366 31443 20236
UUUAUU 35775 40366 31443 20238
UUUAUU 35775 40366 31443 20326
UUUAUU 35775 40366 31443 20327
UUUAUU 35775 40366 31443 20424
UUUAUU 35775 40366 31443 20525
UUUAUU 35775 40366 31443 20528
UUUAUU 35775 40366 31443 20611
UUUAUU 35775 40366 31443 20642
UUUAUU 35775 40366 31443 35340
UUUAUU 35775 40366 31443 35341
UUUAUU 35775 40366 31443 35599
UUUAUU 35775 40366 31443 35747
UUUAUU 35775 40366 31443 35806
UUUAUU 35775 40366 31443 36495
UUUAUU 35775 40366 31443 36767
UUUAUU 35775 40366 31443 36779
UUUAUU 35775 40366 31443 36824
UUUAUU 35775 40366 31443 36828
UUUAUU 35775 40366 31443 36862
UUUAUU 35775 40366 31443 36899
UUUAUU 35775 40366 31443 40281
UUUAUU 35775 40366 31443 40790
UUUAUU 35775 40366 31443 40810
UUUAUU 35775 40366 31443 40819
UUUAUU 35775 40366 31443 41750
UUUAUU 35775 40366 31443 41765
UUUAUU 35775 40366 31443 41910
UUUAUU 35775 40366 31443 41932
UUUAUU 35775 40366 31832 13810
UUUAUU 35775 40366 31832 14161
UUUAUU 35775 40366 31832 14213
UUUAUU 35775 40366 31832 14236
UUUAUU 35775 40366 31832 15168
UUUAUU 35775 40366 31832 15193
UUUAUU 35775 40366 31832 20409
UUUAUU 35775 40366 31832 39909
UUUAUU 35775 40366 31832 40979
UUUAUU 35775 40366 31832 41392
UUUAUU 35775 40366 31908 13775
UUUAUU 35775 40366 31908 13790
UUUAUU 35775 40366 31908 13792
UUUAUU 35775 40366 31908 13844
UUUAUU 35775 40366 31908 13956
UUUAUU 35775 40366 31908 13961
UUUAUU 35775 40366 31908 13967
UUUAUU 35775 40366 31908 14027
UUUAUU 35775 40366 31908 14113
UUUAUU 35775 40366 31908 14134
UUUAUU 35775 40366 31908 14193
UUUAUU 35775 40366 31908 14220
UUUAUU 35775 40366 31908 14253
UUUAUU 35775 40366 31908 14273
UUUAUU 35775 40366 31908 14277
UUUAUU 35775 40366 31908 15108
UUUAUU 35775 40366 31908 15115
UUUAUU 35775 40366 31908 15141
UUUAUU 35775 40366 31908 15183
UUUAUU 35775 40366 31908 15184
UUUAUU 35775 40366 31908 15284
UUUAUU 35775 40366 31908 15289
UUUAUU 35775 40366 31908 15290
UUUAUU 35775 40366 31908 15332
UUUAUU 35775 40366 31908 15341
UUUAUU 35775 40366 31908 15352
UUUAUU 35775 40366 31908 15383
UUUAUU 35775 40366 31908 15503
UUUAUU 35775 40366 31908 15556
UUUAUU 35775 40366 31908 15636
UUUAUU 35775 40366 31908 19050
UUUAUU 35775 40366 31908 19089
UUUAUU 35775 40366 31908 19134
UUUAUU 35775 40366 31908 19149
UUUAUU 35775 40366 31908 19273
UUUAUU 35775 40366 31908 19279
UUUAUU 35775 40366 31908 19289
UUUAUU 35775 40366 31908 19323
UUUAUU 35775 40366 31908 19334
UUUAUU 35775 40366 31908 19348
UUUAUU 35775 40366 31908 19350
UUUAUU 35775 40366 31908 20184
UUUAUU 35775 40366 31908 20351
UUUAUU 35775 40366 31908 20384
UUUAUU 35775 40366 31908 20420
UUUAUU 35775 40366 31908 20456
UUUAUU 35775 40366 31908 20459
UUUAUU 35775 40366 31908 20461
UUUAUU 35775 40366 31908 20467
UUUAUU 35775 40366 31908 20542
UUUAUU 35775 40366 31908 20592
UUUAUU 35775 40366 31908 20622
UUUAUU 35775 40366 31908 20647
UUUAUU 35775 40366 31908 35366
UUUAUU 35775 40366 31908 35503
UUUAUU 35775 40366 31908 35645
UUUAUU 35775 40366 31908 35671
UUUAUU 35775 40366 31908 35675
UUUAUU 35775 40366 31908 35680
UUUAUU 35775 40366 31908 35734
UUUAUU 35775 40366 31908 35745
UUUAUU 35775 40366 31908 36527
UUUAUU 35775 40366 31908 36546
UUUAUU 35775 40366 31908 36692
UUUAUU 35775 40366 31908 36737
UUUAUU 35775 40366 31908 36799
UUUAUU 35775 40366 31908 36814
UUUAUU 35775 40366 31908 36820
UUUAUU 35775 40366 31908 36848
UUUAUU 35775 40366 31908 36898
UUUAUU 35775 40366 31908 39869
UUUAUU 35775 40366 31908 39959
UUUAUU 35775 40366 31908 39977
UUUAUU 35775 40366 31908 40161
UUUAUU 35775 40366 31908 40259
UUUAUU 35775 40366 31908 40270
UUUAUU 35775 40366 31908 40273
UUUAUU 35775 40366 31908 40279
UUUAUU 35775 40366 31908 40774
UUUAUU 35775 40366 31908 40806
UUUAUU 35775 40366 31908 40888
UUUAUU 35775 40366 31908 41000
UUUAUU 35775 40366 31908 41423
UUUAUU 35775 40366 31908 41680
UUUAUU 35775 40366 31908 41938
UUUAUU 35775 40366 32782 14044
UUUAUU 35775 40366 32782 19165
UUUAUU 35775 40366 32782 36823
UUUAUU 35775 40366 32782 41738
UUUAUU 35775 40366 32782 41892
UUUAUU 35775 40366 4574 15116
UUUAUU 35775 40366 6039 13792
UUUAUU 35775 40366 6039 13942
UUUAUU 35775 40366 6039 13961
UUUAUU 35775 40366 6039 14253
UUUAUU 35775 40366 6039 15108
UUUAUU 35775 40366 6039 15115
UUUAUU 35775 40366 6039 15341
UUUAUU 35775 40366 6039 15546
UUUAUU 35775 40366 6039 18908
UUUAUU 35775 40366 6039 19273
UUUAUU 35775 40366 6039 19348
UUUAUU 35775 40366 6039 19350
UUUAUU 35775 40366 6039 20184
UUUAUU 35775 40366 6039 20366
UUUAUU 35775 40366 6039 20384
UUUAUU 35775 40366 6039 20467
UUUAUU 35775 40366 6039 20592
UUUAUU 35775 40366 6039 20622
UUUAUU 35775 40366 6039 20647
UUUAUU 35775 40366 6039 35366
UUUAUU 35775 40366 6039 35503
UUUAUU 35775 40366 6039 35645
UUUAUU 35775 40366 6039 35745
UUUAUU 35775 40366 6039 36527
UUUAUU 35775 40366 6039 36692
UUUAUU 35775 40366 6039 36737
UUUAUU 35775 40366 6039 36820
UUUAUU 35775 40366 6039 36898
UUUAUU 35775 40366 6039 39869
UUUAUU 35775 40366 6039 39996
UUUAUU 35775 40366 6039 40070
UUUAUU 35775 40366 6039 40072
UUUAUU 35775 40366 6039 40260
UUUAUU 35775 40366 6039 40270
UUUAUU 35775 40366 6039 40273
UUUAUU 35775 40366 6039 40913
UUUAUU 35775 40366 6039 40990
UUUAUU 35775 40366 6039 41000
UUUAUU 35775 40366 6039 41092
UUUAUU 35775 40366 6039 41245
UUUAUU 35775 40366 6039 41423
UUUAUU 35775 40366 6039 41679
UAAAAA 36203 22699 6816 10147
UAAAAA 36203 22699 6816 10149
UAAAAA 36203 22699 6816 10796
UAAAAA 36203 22699 6816 25061
UAAAAA 36203 22699 6816 25123
UAAAAA 36203 22699 6816 26213
UAAAAA 36203 22699 6816 26217
UAAAAA 36203 22699 6816 26234
UAAAAA 36203 22699 6816 26336
UAAAAA 36203 22699 6816 26601
UAAAAA 36203 22699 6816 26849
UAAAAA 36203 22699 6816 31115
UAAAAA 36203 22699 6816 31139
UAAAAA 36203 22699 6816 33003
UAAAAA 36203 22699 6816 33153
UAAAAA 36203 22699 6816 4784
UAAAAA 36203 22699 6816 4849
UAAAAA 36203 22699 6816 5025
UAAAAA 36203 22699 6816 5207
UAAAAA 36203 22699 6816 6086
UAAAAU 36203 28693 23490 13903
UAAAAU 36203 28693 28446 15447
UAAAAU 36203 28693 28446 36619
UAAAAU 36203 28693 28487 20464
UAAAAU 36203 28693 28487 20468
UAAAAU 36203 28693 29713 20307
UAAAUU 36203 28693 26399 13844
UAAAUU 36203 28693 26399 13963
UAAAUU 36203 28693 26399 15374
UAAAUU 36203 28693 26399 19149
UAAAUU 36203 28693 26399 35533
UAAAUU 36203 28693 26399 40806
UAAAUU 36203 28693 26399 41908
UAAAUU 36203 28693 33158 13903
UAAAUU 36203 28693 5045 20302
UAUAUU 36366 24073 5041 18960
UAUAUU 36366 24073 9886 13903
UAUAUU 36366 24073 9886 20307
UAUAAA 36380 25640 2732 26267
UAUAAA 36380 25640 2732 6168
UAAAUA 36386 20681 5528 10964
UAAAUA 36386 20681 5528 26510
UAAAUA 36386 20681 5528 26537
UAAAUA 36386 20681 5528 31097
UAAAUA 36386 20681 5528 31559
UAAAUA 36386 20681 5528 6014
UAUAUU 36386 24127 24893 20409
UAUAUU 36386 24127 24893 36542
UAUAUU 36386 24127 31877 15436
UUAAAA 36824 37165 27798 33159
UUAAUU 36899 33439 31694 20501
AAUUAA 37092 26250 33305 6153
AAUUAA 37092 4694 12470 24995
AAUUAA 37092 4694 12470 32858
AAUUAA 37092 4694 34229 31876
AAUUAA 37092 4694 34229 33076
AAUUAA 37092 4694 34229 5045
AAUUAA 37092 4694 34229 5830
AAAUAA 37395 1992 33582 26228
AAUAUA 37666 24371 24480 25079
AAUAUA 37666 24371 24480 25092
AAUAUA 37666 24371 24480 32951
AUAAUU 38109 33439 31684 19224
AUAAUU 38109 33439 31684 20307
AUAAAU 38204 33439 28259 20307
AAAAUU 38477 28868 26502 13792
AAAAUU 38477 28868 26502 14027
AAAAUU 38477 28868 26502 14232
AAAAUU 38477 28868 26502 15289
AAAAUU 38477 28868 26502 18898
AAAAUU 38477 28868 26502 19350
AAAAUU 38477 28868 26502 20622
AAAAUU 38477 28868 26502 35366
AAAAUU 38477 28868 26502 35503
AAAAUU 38477 28868 26502 35521
AAAAUU 38477 28868 26502 40260
AAAAUU 38477 28868 26502 40279
AAAAUU 38477 28868 26502 41903
AAAAUU 38477 28868 5116 14040
AAAAUU 38477 28868 5116 14113
AAAAUU 38477 28868 5116 39852
AAAAUU 38477 28868 5116 40226
AAAAUU 38477 28868 5979 14197
AAAAAA 38540 21180 22766 26392
AAAAAA 38540 21180 2603 26165
AAAAAA 38540 21180 2603 26173
AAAAAA 38540 21180 2603 33183
AAUAAU 38540 32102 28089 15428
AAUAAU 38540 32102 28089 20298
AAUAAU 38540 32102 28089 20307
AAUAUU 38610 24041 33108 13731
AAUAUU 38610 24041 33108 13766
AAUAUU 38610 24041 33108 14197
AAUAUU 38610 24041 33108 15635
AAUAUU 38610 24041 33108 19069
AAUAUU 38610 24041 33108 20298
AAUAUU 38610 24041 33108 20357
AAUAUU 38610 24041 33108 40014
AAAAUA 38639 28693 10600 5921
AAAAUA 38639 28693 10600 5922
AAUAAU 38639 32054 1802 15617
AAUAAU 38639 32054 1802 18921
AAUAAU 38639 32054 1802 20200
AAUAAU 38639 32054 1802 20521
AAUAAU 38639 32054 1802 35777
AAUAAU 38639 32054 1802 41739
AAUAAU 38639 32054 1968 20209
AAUAAU 38639 32054 2182 19095
AAUAAU 38639 32054 2182 20204
AAUAAU 38639 32054 23940 13903
AAUAUA 38639 32054 10367 10160
AAUAUA 38639 32054 10367 24944
AAUAUA 38639 32054 10367 25037
AAUAAA 38733 24050 27704 31769
AAAAUA 39069 22693 30600 31648
AUAAUU 39236 33439 31604 20307
AUAAUU 39236 33439 31672 20501
AUUAUA 39316 40383 10652 10008
UAAAAA 39650 22693 3557 24947
UAAAAA 39650 22693 3557 31522
UAAAAA 39650 22693 3557 32875
UAAAAA 39650 22693 3557 33086
UAAAAA 39650 22693 6405 10051
UAAAAA 39650 22693 6405 10821
UAAAAA 39650 22693 6405 26160
UAAAAA 39650 22693 6405 26615
UAAAAA 39650 22693 6405 31536
UAAAAA 39650 22693 6405 31819
UAAAAA 39650 22693 6405 4674
UAAAAA 39650 22693 6405 5213
UAAAUU 39650 22693 25147 14100
UAAAUU 39650 22693 25147 14290
UAAAUU 39650 22693 25147 20327
UAAAUU 39650 22693 31436 41723
UAAAUU 39650 22693 31574 20528
UAAAUU 39650 22693 32934 19002
UAAAUU 39650 22693 4849 35515
UAAAUU 39650 22693 5139 15383
UAAAUU 39650 22693 5202 15428
UAAAUU 39650 22693 5202 19224
UUAAUA 39996 33439 24614 31442
UAUAAU 40351 24127 1802 15409
UAUAAU 40351 24127 1802 15512
UAUAAU 40351 24127 1802 15618
UAUAAU 40351 24127 1802 15657
UAUAAU 40351 24127 1802 35356
UAUAAU 40351 24127 1802 35777
UAUAAU 40351 24127 7215 13766
UAUAAU 40351 24127 7215 13902
UAUAAU 40351 24127 7215 13963
UAUAAU 40351 24127 7215 13978
UAUAAU 40351 24127 7215 14073
UAUAAU 40351 24127 7215 14154
UAUAAU 40351 24127 7215 15125
UAUAAU 40351 24127 7215 15290
UAUAAU 40351 24127 7215 15433
UAUAAU 40351 24127 7215 15453
UAUAAU 40351 24127 7215 15582
UAUAAU 40351 24127 7215 15588
UAUAAU 40351 24127 7215 15621
UAUAAU 40351 24127 7215 15652
UAUAAU 40351 24127 7215 18909
UAUAAU 40351 24127 7215 19010
UAUAAU 40351 24127 7215 19059
UAUAAU 40351 24127 7215 19149
UAUAAU 40351 24127 7215 19168
UAUAAU 40351 24127 7215 19222
UAUAAU 40351 24127 7215 19224
UAUAAU 40351 24127 7215 19281
UAUAAU 40351 24127 7215 19299
UAUAAU 40351 24127 7215 19329
UAUAAU 40351 24127 7215 19366
UAUAAU 40351 24127 7215 20362
UAUAAU 40351 24127 7215 20562
UAUAAU 40351 24127 7215 35392
UAUAAU 40351 24127 7215 35481
UAUAAU 40351 24127 7215 35533
UAUAAU 40351 24127 7215 35653
UAUAAU 40351 24127 7215 35671
UAUAAU 40351 24127 7215 35790
UAUAAU 40351 24127 7215 36648
UAUAAU 40351 24127 7215 36671
UAUAAU 40351 24127 7215 36878
UAUAAU 40351 24127 7215 36881
UAUAAU 40351 24127 7215 40064
UAUAAU 40351 24127 7215 40108
UAUAAU 40351 24127 7215 40278
UAUAAU 40351 24127 7215 40806
UAUAAU 40351 24127 7215 40818
UAUAAU 40351 24127 7215 40882
UAUAAU 40351 24127 7215 40959
UAUAAU 40351 24127 7215 41668
UAUAAU 40351 24127 7215 41904
UAUAAU 40351 24127 7215 41908
UAUAAU 40351 24127 7402 18991
UAUAAU 40351 24127 7402 19035
UAUAAU 40351 24127 7402 20188
UAUAUU 40351 24295 31683 36821
UAAAAU 40646 20745 1968 20204
UAAAAU 40646 20745 1968 20209
UAAUUA 40698 22043 13301 24713
UAAUUA 40698 22043 13301 24755
UAAUUA 40698 22043 13301 24804
UAAUUA 40698 22043 13301 24907
UAAUUA 40698 22043 13301 24935
UAAUUA 40698 22043 13301 24940
UAAUUA 40698 22043 13301 25217
UAAUUA 40698 22043 13301 26201
UAAUUA 40698 22043 13301 26330
UAAUUA 40698 22043 13301 26455
UAAUUA 40698 22043 13301 26489
UAAUUA 40698 22043 13301 26644
UAAUUA 40698 22043 13301 26686
UAAUUA 40698 22043 13301 26844
UAAUUA 40698 22043 13301 31140
UAAUUA 40698 22043 13301 31240
UAAUUA 40698 22043 13301 31320
UAAUUA 40698 22043 13301 31401
UAAUUA 40698 22043 13301 31403
UAAUUA 40698 22043 13301 31439
UAAUUA 40698 22043 13301 31450
UAAUUA 40698 22043 13301 31569
UAAUUA 40698 22043 13301 31632
UAAUUA 40698 22043 13301 31705
UAAUUA 40698 22043 13301 31762
UAAUUA 40698 22043 13301 31776
UAAUUA 40698 22043 13301 31805
UAAUUA 40698 22043 13301 31857
UAAUUA 40698 22043 13301 31864
UAAUUA 40698 22043 13301 32770
UAAUUA 40698 22043 13301 32781
UAAUUA 40698 22043 13301 32815
UAAUUA 40698 22043 13301 33158
UAAUUA 40698 22043 13301 33159
UAAUUA 40698 22043 13301 33212
UAAUUA 40698 22043 13301 4448
UAAUUA 40698 22043 13301 4467
UAAUUA 40698 22043 13301 4473
UAAUUA 40698 22043 13301 4475
UAAUUA 40698 22043 13301 4483
UAAUUA 40698 22043 13301 4659
UAAUUA 40698 22043 13301 4910
UAAUUA 40698 22043 13301 5028
UAAUUA 40698 22043 13301 5054
UAAUUA 40698 22043 13301 5071
UAAUUA 40698 22043 13301 5072
UAAUUA 40698 22043 13301 5133
UAAUUA 40698 22043 13301 9886
UAAUUA 40698 22043 13301 9891
UAAUUA 40698 22043 14347 26296
UAAUUA 40698 22043 14654 26510
UAAUUA 40698 22043 36438 10875
UAAUUA 40698 22043 36438 10955
UAAUUA 40698 22043 36438 25000
UAAUUA 40698 22043 36438 26251
UAAUUA 40698 22043 36438 26415
UAAUUA 40698 22043 36438 26500
UAAUUA 40698 22043 36438 31193
UAAUUA 40698 22043 36438 31364
UAAUUA 40698 22043 36438 31434
UAAUUA 40698 22043 36438 31558
UAAUUA 40698 22043 36438 31657
UAAUUA 40698 22043 36438 31776
UAAUUA 40698 22043 36438 31805
UAAUUA 40698 22043 36438 31831
UAAUUA 40698 22043 36438 31832
UAAUUA 40698 22043 36438 31860
UAAUUA 40698 22043 36438 33008
UAAUUA 40698 22043 36438 33057
UAAUUA 40698 22043 36438 33086
UAAUUA 40698 22043 36438 33150
UAAUUA 40698 22043 36438 33155
UAAUUA 40698 22043 36438 33158
UAAUUA 40698 22043 36438 4465
UAAUUA 40698 22043 36438 4467
UAAUUA 40698 22043 36438 4596
UAAUUA 40698 22043 36438 4726
UAAUUA 40698 22043 36438 4784
UAAUUA 40698 22043 36438 5025
UAAUUA 40698 22043 36438 5028
UAAUUA 40698 22043 36438 5029
UAAUUA 40698 22043 36438 5030
UAAUUA 40698 22043 36438 5031
UAAUUA 40698 22043 36438 5055
UAAUUA 40698 22043 36438 5060
UAAUUA 40698 22043 36438 5102
UAAUUA 40698 22043 36438 5106
UAAUUA 40698 22043 36438 5218
UAAUUA 40698 22043 36438 6023
UAAUUA 40698 22043 36438 6087
UAAUUA 40698 22043 36438 9891
UUAAAA 40919 33288 29048 26271
UUAAAA 40919 33288 29048 26296
UUAAAA 40919 33288 29048 31198
UUAAAA 40919 33288 29048 31264
UUAAAA 40919 33288 29048 32968
UUAAAA 40919 33288 29048 32969
UUAAAA 40919 33288 29048 33076
UUAAAA 40919 33288 29048 33079
UUAAAA 40919 33288 29048 4512
UUAAAA 40919 33288 29048 4552
UUAAAA 40919 33288 29048 9858
UUUAUU 41356 14736 10774 40016
UUUUAA 41731 20543 11201 26731
UUUUAA 41731 20543 11201 26838
UUUUAA 41731 20543 11201 31909
UUUUAA 41731 20543 11201 5853
UUUUAA 41731 20543 11201 5980
UUUUAA 41731 20543 33368 26234
UUUUAA 41731 20543 33368 26336
UUUUAA 41731 20543 33368 31831
UUUUAA 41731 20543 33368 32968
